Format:
Month (total # people attending events in that month):
    Date in month when meetup event occurred (# of people who attended that event), ...

November (12):
    15 (4), 17 (6), 23 (2)

December (40):
    13 (10), 18 (8), 20 (8), 20 (5), 27 (9)

January (146):
    10 (14), 10 (8), 11 (6), 12 (10), 14 (5), 16 (4), 16 (9), 17 (5), 17 (6), 18 (6), 24 (5), 24 (3), 25 (7), 25 (5), 30 (10), 31 (9), 31 (5), 31 (6), 31 (22)

February (129):
    8 (2), 11 (4), 13 (12), 13 (2), 14 (2), 15 (4), 16 (8), 17 (5), 18 (6), 20 (7), 20 (5), 21 (6), 21 (7), 21 (5), 27 (8), 22 (6), 24 (8), 25 (6), 25 (6), 26 (4), 27 (6), 28 (6), 28 (4)

March (165):
    1 (12), 3 (4), 5 (3), 6 (8), 7 (5), 7 (5), 7 (4), 7 (8), 8 (4), 8 (6), 10 (12), 10 (6), 13 (23), 14 (7), 14 (12), 15 (12), 15 (4), 15 (8), 16 (4), 17 (14), 17 (4)
